4102 16
4103 0
4162 2
4166 2
4168 0
4169 100
4170 2
4171 2
8638 0
8639 0
4102 16
4103 0
4162 2
4166 2
4168 0
4169 99
4170 2
4171 2
8638 0
8639 0
4102 16
4103 0
4162 2
4166 2
4168 0
4169 98
4170 2
4171 2
8638 0
8639 0
4102 16
4103 0
4162 2
4166 2
4168 0
4169 97
4170 2
4171 2
8638 0
8639 0
4102 16
4103 0
4162 2
4166 2
4168 0
4169 96
4170 2
4171 2
8638 0
8639 0
4102 16
4103 0
4162 2
4166 2
4168 0
4169 95
4170 2
4171 2
8638 0
8639 0
4102 16
4103 0
4162 2
4166 2
4168 0
4169 94
4170 2
4171 2
8638 0
8639 0
4102 16
4103 0
4162 2
4166 2
4168 0
4169 93
4170 2
4171 2
8638 0
8639 0
4102 16
4103 0
4162 2
4166 2
4168 0
4169 92
4170 2
4171 2
8638 0
8639 0
4102 16
4103 0
4162 2
4166 2
4168 0
4169 91
4170 2
4171 2
8638 0
8639 0
4102 16
4103 0
4162 2
4166 2
4168 0
4169 90
4170 2
4171 2
8638 0
8639 0
4102 16
4103 0
4162 2
4166 2
4168 0
4169 89
4170 2
4171 2
8638 0
8639 0
4102 16
4103 0
4162 2
4166 2
4168 0
4169 88
4170 2
4171 2
8638 0
8639 0
4102 16
4103 0
4162 2
4166 2
4168 0
4169 87
4170 2
4171 2
8638 0
8639 0
4102 16
4103 0
4162 2
4166 2
4168 0
4169 86
4170 2
4171 2
8638 0
8639 0
4102 16
4103 0
4162 2
4166 2
4168 0
4169 85
4170 2
4171 2
8638 0
8639 0
4102 16
4103 0
4162 2
4166 2
4168 0
4169 84
4170 2
4171 2
8638 0
8639 0
4102 16
4103 0
4162 2
4166 2
4168 0
4169 83
4170 2
4171 2
8638 0
8639 0
4102 16
4103 0
4162 2
4166 2
4168 0
4169 82
4170 2
4171 2
8638 0
8639 0
4102 16
4103 0
4162 2
4166 2
4168 0
4169 81
4170 2
4171 2
8638 0
8639 0
4102 16
4103 0
4162 2
4166 2
4168 0
4169 80
4170 2
4171 2
8638 0
8639 0
4102 16
4103 0
4162 2
4166 2
4168 0
4169 79
4170 2
4171 2
8638 0
8639 0
4102 16
4103 0
4162 2
4166 2
4168 0
4169 78
4170 2
4171 2
8638 0
8639 0
4102 16
4103 0
4162 2
4166 2
4168 0
4169 77
4170 2
4171 2
8638 0
8639 0
4102 16
4103 0
4162 2
4166 2
4168 0
4169 76
4170 2
4171 2
8638 0
8639 0
4102 16
4103 0
4162 2
4166 2
4168 0
4169 75
4170 2
4171 2
8638 0
8639 0
4102 16
4103 0
4162 2
4166 2
4168 0
4169 148
4170 2
4171 0
8638 1
8639 0
4102 16
4103 0
4162 2
4166 2
4168 0
4169 146
4170 2
4171 0
8638 1
8639 0
4102 16
4103 0
4162 2
4166 2
4168 0
4169 144
4170 2
4171 0
8638 1
8639 0
4102 16
4103 0
4162 2
4166 2
4168 0
4169 142
4170 2
4171 0
8638 1
8639 0
4102 16
4103 0
4162 2
4166 2
4168 0
4169 140
4170 2
4171 0
8638 1
8639 0
4102 16
4103 0
4162 2
4166 2
4168 0
4169 138
4170 2
4171 0
8638 1
8639 0
4102 16
4103 0
4162 2
4166 2
4168 0
4169 136
4170 2
4171 0
8638 1
8639 0
4102 16
4103 0
4162 2
4166 2
4168 0
4169 134
4170 2
4171 0
8638 1
8639 0
4102 16
4103 0
4162 2
4166 2
4168 0
4169 132
4170 2
4171 0
8638 1
8639 0
4102 16
4103 0
4162 2
4166 2
4168 0
4169 130
4170 2
4171 0
8638 1
8639 0
4102 16
4103 0
4162 2
4166 2
4168 0
4169 128
4170 2
4171 0
8638 1
8639 0
4102 16
4103 0
4162 2
4166 2
4168 0
4169 126
4170 2
4171 0
8638 1
8639 0
4102 16
4103 0
4162 2
4166 2
4168 0
4169 124
4170 2
4171 0
8638 1
8639 0
4102 16
4103 0
4162 2
4166 2
4168 0
4169 122
4170 2
4171 0
8638 1
8639 0
4102 16
4103 0
4162 2
4166 2
4168 0
4169 120
4170 2
4171 0
8638 1
8639 0
4102 16
4103 0
4162 2
4166 2
4168 0
4169 118
4170 2
4171 0
8638 1
8639 0
4102 16
4103 0
4162 2
4166 2
4168 0
4169 116
4170 2
4171 0
8638 1
8639 0
4102 16
4103 0
4162 2
4166 2
4168 0
4169 114
4170 2
4171 0
8638 1
8639 0
4102 16
4103 0
4162 2
4166 2
4168 0
4169 112
4170 2
4171 2
8638 1
8639 0
4102 16
4103 0
4162 2
4166 2
4168 0
4169 110
4170 2
4171 2
8638 1
8639 0
4102 16
4103 0
4162 2
4166 2
4168 0
4169 108
4170 2
4171 2
8638 1
8639 0
4102 16
4103 0
4162 2
4166 2
4168 0
4169 106
4170 2
4171 2
8638 1
8639 0
4102 16
4103 0
4162 2
4166 2
4168 0
4169 104
4170 2
4171 2
8638 1
8639 0
4102 16
4103 0
4162 2
4166 2
4168 0
4169 102
4170 2
4171 2
8638 1
8639 0
4102 16
4103 0
4162 2
4166 2
4168 0
4169 100
4170 2
4171 2
8638 0
8639 1
4102 16
4103 0
4162 2
4166 2
4168 0
4169 98
4170 2
4171 2
8638 0
8639 1
4102 16
4103 0
4162 2
4166 2
4168 0
4169 96
4170 2
4171 2
8638 0
8639 1
4102 16
4103 0
4162 2
4166 2
4168 0
4169 94
4170 2
4171 2
8638 0
8639 1
4102 16
4103 0
4162 2
4166 2
4168 0
4169 92
4170 2
4171 2
8638 0
8639 1
4102 16
4103 0
4162 2
4166 2
4168 0
4169 90
4170 2
4171 2
8638 0
8639 1
4102 16
4103 0
4162 2
4166 2
4168 0
4169 88
4170 2
4171 2
8638 0
8639 1
4102 16
4103 0
4162 2
4166 2
4168 0
4169 86
4170 2
4171 2
8638 0
8639 1
4102 16
4103 0
4162 2
4166 2
4168 0
4169 84
4170 2
4171 2
8638 0
8639 1
4102 16
4103 0
4162 2
4166 2
4168 0
4169 82
4170 2
4171 2
8638 0
8639 1
4102 16
4103 0
4162 2
4166 2
4168 0
4169 80
4170 2
4171 2
8638 0
8639 1
4102 16
4103 0
4162 2
4166 2
4168 0
4169 78
4170 2
4171 2
8638 0
8639 1
4102 16
4103 0
4162 2
4166 2
4168 0
4169 76
4170 2
4171 2
8638 0
8639 1
4102 16
4103 0
4162 2
4166 2
4168 0
4169 148
4170 2
4171 0
8638 1
8639 1
4102 16
4103 0
4162 2
4166 2
4168 0
4169 144
4170 2
4171 0
8638 1
8639 1
4102 16
4103 0
4162 2
4166 2
4168 0
4169 140
4170 2
4171 0
8638 1
8639 1
4102 16
4103 0
4162 2
4166 2
4168 0
4169 136
4170 2
4171 0
8638 1
8639 1
4102 16
4103 0
4162 2
4166 2
4168 0
4169 132
4170 2
4171 0
8638 1
8639 1
4102 16
4103 0
4162 2
4166 2
4168 0
4169 128
4170 2
4171 0
8638 1
8639 1
4102 16
4103 0
4162 2
4166 2
4168 0
4169 124
4170 2
4171 0
8638 1
8639 1
4102 16
4103 0
4162 2
4166 2
4168 0
4169 120
4170 2
4171 0
8638 1
8639 1
4102 16
4103 0
4162 2
4166 2
4168 0
4169 116
4170 2
4171 0
8638 1
8639 1
4102 16
4103 0
4162 2
4166 2
4168 0
4169 112
4170 2
4171 2
8638 1
8639 1
4102 16
4103 0
4162 2
4166 2
4168 0
4169 108
4170 2
4171 2
8638 1
8639 1
4102 16
4103 0
4162 2
4166 2
4168 0
4169 104
4170 2
4171 2
8638 1
8639 1
4102 16
4103 0
4162 2
4166 2
4168 0
4169 100
4170 2
4171 2
8638 1
8639 1
4102 16
4103 0
4162 2
4166 2
4168 0
4169 96
4170 2
4171 2
8638 1
8639 1
4102 16
4103 0
4162 2
4166 2
4168 0
4169 92
4170 2
4171 2
8638 1
8639 1
4102 16
4103 0
4162 2
4166 2
4168 0
4169 88
4170 2
4171 2
8638 1
8639 1
4102 16
4103 0
4162 2
4166 2
4168 0
4169 84
4170 2
4171 2
8638 1
8639 1
4102 16
4103 0
4162 2
4166 2
4168 0
4169 80
4170 2
4171 2
8638 0
8639 2
4102 16
4103 0
4162 2
4166 2
4168 0
4169 76
4170 2
4171 2
8638 0
8639 2
4102 16
4103 0
4162 2
4166 2
4168 0
4169 144
4170 2
4171 0
8638 1
8639 2
4102 16
4103 0
4162 2
4166 2
4168 0
4169 136
4170 2
4171 0
8638 1
8639 2
4102 16
4103 0
4162 2
4166 2
4168 0
4169 128
4170 2
4171 0
8638 1
8639 2
4102 16
4103 0
4162 2
4166 2
4168 0
4169 120
4170 2
4171 0
8638 1
8639 2
4102 16
4103 0
4162 2
4166 2
4168 0
4169 112
4170 2
4171 2
8638 1
8639 2
4102 16
4103 0
4162 2
4166 2
4168 0
4169 104
4170 2
4171 2
8638 1
8639 2
4102 16
4103 0
4162 2
4166 2
4168 0
4169 96
4170 2
4171 2
8638 1
8639 2
4102 16
4103 0
4162 2
4166 2
4168 0
4169 88
4170 2
4171 2
8638 1
8639 2
4102 16
4103 0
4162 2
4166 2
4168 0
4169 80
4170 2
4171 2
8638 1
8639 2
4102 16
4103 0
4162 2
4166 2
4168 0
4169 144
4170 2
4171 0
8638 2
8639 2
4102 16
4103 0
4162 2
4166 2
4168 0
4169 128
4170 2
4171 0
8638 2
8639 2
4102 16
4103 0
4162 2
4166 2
4168 0
4169 112
4170 2
4171 2
8638 2
8639 2
4102 16
4103 0
4162 2
4166 2
4168 0
4169 96
4170 2
4171 2
8638 2
8639 2
4102 16
4103 0
4162 2
4166 2
4168 0
4169 80
4170 2
4171 2
8638 2
8639 2
4102 16
4103 0
4162 2
4166 2
4168 0
4169 128
4170 2
4171 0
8638 3
8639 2
